{
 "cells": [
  {
   "cell_type": "code",
   "execution_count": 1,
   "metadata": {
    "cell_id": "00000-1588136a-c160-44c0-b8b8-f5d928af8421",
    "deepnote_cell_type": "code"
   },
   "outputs": [],
   "source": [
    "# import libraries\n",
    "import numpy as np, pandas as pd\n",
    "from scipy.optimize import minimize\n",
    "import mpmath\n",
    "from ortools.linear_solver import pywraplp"
   ]
  },
  {
   "cell_type": "code",
   "execution_count": 2,
   "metadata": {
    "cell_id": "00001-8c55bb0a-aa58-4c4c-9635-082c26f86ecf",
    "deepnote_cell_type": "code",
    "scrolled": true
   },
   "outputs": [],
   "source": [
    "df = pd.read_csv('data.csv')"
   ]
  },
  {
   "cell_type": "code",
   "execution_count": 3,
   "metadata": {
    "cell_id": "00002-f511961a-bb9a-4c14-8229-71e05bce73df",
    "deepnote_cell_type": "code",
    "scrolled": true
   },
   "outputs": [
    {
     "data": {
      "text/html": [
       "<div>\n",
       "<style scoped>\n",
       "    .dataframe tbody tr th:only-of-type {\n",
       "        vertical-align: middle;\n",
       "    }\n",
       "\n",
       "    .dataframe tbody tr th {\n",
       "        vertical-align: top;\n",
       "    }\n",
       "\n",
       "    .dataframe thead th {\n",
       "        text-align: right;\n",
       "    }\n",
       "</style>\n",
       "<table border=\"1\" class=\"dataframe\">\n",
       "  <thead>\n",
       "    <tr style=\"text-align: right;\">\n",
       "      <th></th>\n",
       "      <th>srch_id</th>\n",
       "      <th>prop_starrating</th>\n",
       "      <th>prop_review_score</th>\n",
       "      <th>prop_brand_bool</th>\n",
       "      <th>prop_location_score</th>\n",
       "      <th>prop_accesibility_score</th>\n",
       "      <th>prop_log_historical_price</th>\n",
       "      <th>price_usd</th>\n",
       "      <th>promotion_flag</th>\n",
       "      <th>srch_booking_window</th>\n",
       "      <th>srch_adults_count</th>\n",
       "      <th>srch_children_count</th>\n",
       "      <th>srch_room_count</th>\n",
       "      <th>srch_saturday_night_bool</th>\n",
       "      <th>booking_bool</th>\n",
       "    </tr>\n",
       "  </thead>\n",
       "  <tbody>\n",
       "    <tr>\n",
       "      <th>0</th>\n",
       "      <td>1</td>\n",
       "      <td>4</td>\n",
       "      <td>3</td>\n",
       "      <td>1</td>\n",
       "      <td>2</td>\n",
       "      <td>0</td>\n",
       "      <td>5</td>\n",
       "      <td>140</td>\n",
       "      <td>0</td>\n",
       "      <td>0</td>\n",
       "      <td>4</td>\n",
       "      <td>0</td>\n",
       "      <td>1</td>\n",
       "      <td>1</td>\n",
       "      <td>0</td>\n",
       "    </tr>\n",
       "    <tr>\n",
       "      <th>1</th>\n",
       "      <td>1</td>\n",
       "      <td>3</td>\n",
       "      <td>5</td>\n",
       "      <td>1</td>\n",
       "      <td>2</td>\n",
       "      <td>0</td>\n",
       "      <td>5</td>\n",
       "      <td>211</td>\n",
       "      <td>0</td>\n",
       "      <td>0</td>\n",
       "      <td>4</td>\n",
       "      <td>0</td>\n",
       "      <td>1</td>\n",
       "      <td>1</td>\n",
       "      <td>0</td>\n",
       "    </tr>\n",
       "    <tr>\n",
       "      <th>2</th>\n",
       "      <td>1</td>\n",
       "      <td>4</td>\n",
       "      <td>4</td>\n",
       "      <td>1</td>\n",
       "      <td>3</td>\n",
       "      <td>0</td>\n",
       "      <td>5</td>\n",
       "      <td>150</td>\n",
       "      <td>0</td>\n",
       "      <td>0</td>\n",
       "      <td>4</td>\n",
       "      <td>0</td>\n",
       "      <td>1</td>\n",
       "      <td>1</td>\n",
       "      <td>0</td>\n",
       "    </tr>\n",
       "    <tr>\n",
       "      <th>3</th>\n",
       "      <td>1</td>\n",
       "      <td>4</td>\n",
       "      <td>3</td>\n",
       "      <td>1</td>\n",
       "      <td>3</td>\n",
       "      <td>0</td>\n",
       "      <td>5</td>\n",
       "      <td>144</td>\n",
       "      <td>0</td>\n",
       "      <td>0</td>\n",
       "      <td>4</td>\n",
       "      <td>0</td>\n",
       "      <td>1</td>\n",
       "      <td>1</td>\n",
       "      <td>0</td>\n",
       "    </tr>\n",
       "    <tr>\n",
       "      <th>4</th>\n",
       "      <td>1</td>\n",
       "      <td>4</td>\n",
       "      <td>4</td>\n",
       "      <td>1</td>\n",
       "      <td>2</td>\n",
       "      <td>0</td>\n",
       "      <td>5</td>\n",
       "      <td>191</td>\n",
       "      <td>0</td>\n",
       "      <td>0</td>\n",
       "      <td>4</td>\n",
       "      <td>0</td>\n",
       "      <td>1</td>\n",
       "      <td>1</td>\n",
       "      <td>0</td>\n",
       "    </tr>\n",
       "  </tbody>\n",
       "</table>\n",
       "</div>"
      ],
      "text/plain": [
       "   srch_id  prop_starrating  prop_review_score  prop_brand_bool  \\\n",
       "0        1                4                  3                1   \n",
       "1        1                3                  5                1   \n",
       "2        1                4                  4                1   \n",
       "3        1                4                  3                1   \n",
       "4        1                4                  4                1   \n",
       "\n",
       "   prop_location_score  prop_accesibility_score  prop_log_historical_price  \\\n",
       "0                    2                        0                          5   \n",
       "1                    2                        0                          5   \n",
       "2                    3                        0                          5   \n",
       "3                    3                        0                          5   \n",
       "4                    2                        0                          5   \n",
       "\n",
       "   price_usd  promotion_flag  srch_booking_window  srch_adults_count  \\\n",
       "0        140               0                    0                  4   \n",
       "1        211               0                    0                  4   \n",
       "2        150               0                    0                  4   \n",
       "3        144               0                    0                  4   \n",
       "4        191               0                    0                  4   \n",
       "\n",
       "   srch_children_count  srch_room_count  srch_saturday_night_bool  \\\n",
       "0                    0                1                         1   \n",
       "1                    0                1                         1   \n",
       "2                    0                1                         1   \n",
       "3                    0                1                         1   \n",
       "4                    0                1                         1   \n",
       "\n",
       "   booking_bool  \n",
       "0             0  \n",
       "1             0  \n",
       "2             0  \n",
       "3             0  \n",
       "4             0  "
      ]
     },
     "execution_count": 3,
     "metadata": {},
     "output_type": "execute_result"
    }
   ],
   "source": [
    "df.head()"
   ]
  },
  {
   "cell_type": "code",
   "execution_count": 4,
   "metadata": {
    "cell_id": "00003-54626318-10b8-44f8-9400-6cd837cc4a66",
    "deepnote_cell_type": "code"
   },
   "outputs": [],
   "source": [
    "mean_original = []\n",
    "std_original = []\n",
    "for i in range(1,9):\n",
    "    mean = np.mean(df.iloc[:,i])\n",
    "    mean_original.append(mean)\n",
    "    std = np.std(df.iloc[:,i])\n",
    "    std_original.append(std)"
   ]
  },
  {
   "cell_type": "code",
   "execution_count": 5,
   "metadata": {
    "cell_id": "00004-85b87f4a-4d4d-409a-a3d6-738d07461d77",
    "deepnote_cell_type": "code"
   },
   "outputs": [],
   "source": [
    "def get_Beta(df, mean, std):\n",
    "    for i in range(1,9):\n",
    "        df.iloc[:,i] = (df.iloc[:,i] - mean[i-1]) / std[i-1]\n",
    "    search_id = df['srch_id'].unique().tolist()\n",
    "    new_df = []\n",
    "    for i in search_id:\n",
    "        new_df.append(pd.DataFrame(df.loc[df['srch_id'] == i]).to_numpy(dtype=np.float32))\n",
    "    def MLE(beta):\n",
    "        log = 0\n",
    "        for i in range(len(search_id)):\n",
    "            linear_term = 0\n",
    "            if 1 in new_df[i][:,14]:\n",
    "                linear_term = new_df[i][:,1:9].dot(beta[1:]).dot(new_df[i][:,14]) + beta[0]\n",
    "            log += linear_term\n",
    "            total = 0\n",
    "            for k in range(new_df[i].shape[0]):\n",
    "                total +=  mpmath.exp(new_df[i][k][1:9].dot(beta[1:]) + beta[0])\n",
    "            log -= float(mpmath.log(1 + total))\n",
    "        return -log\n",
    "    res = minimize(MLE, np.ones((9,)),  method='BFGS')\n",
    "    return res"
   ]
  },
  {
   "cell_type": "code",
   "execution_count": 133,
   "metadata": {
    "cell_id": "00005-46877837-c4de-405f-8ab5-020a612831f4",
    "deepnote_cell_type": "code",
    "scrolled": true
   },
   "outputs": [],
   "source": [
    "res_original = get_Beta(df,mean_original,std_original)"
   ]
  },
  {
   "cell_type": "code",
   "execution_count": 135,
   "metadata": {
    "cell_id": "00006-828ace68-f780-4af0-8849-8aa17f1710af",
    "deepnote_cell_type": "code"
   },
   "outputs": [
    {
     "data": {
      "text/plain": [
       "      fun: 20611.32596621373\n",
       " hess_inv: array([[ 2.50921995e-03, -1.99446847e-03, -2.76420143e-04,\n",
       "        -2.13896877e-04, -1.58119281e-03,  4.40247951e-04,\n",
       "        -2.99601098e-05,  6.09981189e-04,  1.93814867e-04],\n",
       "       [-1.99446847e-03,  1.59105873e-03,  2.20026156e-04,\n",
       "         1.64882623e-04,  1.25187108e-03, -3.53126349e-04,\n",
       "         2.52519988e-05, -4.86355819e-04, -1.56296073e-04],\n",
       "       [-2.76420143e-04,  2.20026156e-04,  3.13752311e-05,\n",
       "         2.32078973e-05,  1.73196241e-04, -4.84238979e-05,\n",
       "         3.39143093e-06, -6.57255868e-05, -2.27577366e-05],\n",
       "       [-2.13896877e-04,  1.64882623e-04,  2.32078973e-05,\n",
       "         2.33306138e-05,  1.39633428e-04, -3.47108048e-05,\n",
       "         1.13316361e-06, -5.03066426e-05, -1.49335213e-05],\n",
       "       [-1.58119281e-03,  1.25187108e-03,  1.73196241e-04,\n",
       "         1.39633428e-04,  1.00458613e-03, -2.76952043e-04,\n",
       "         1.67531261e-05, -3.85871110e-04, -1.16032865e-04],\n",
       "       [ 4.40247951e-04, -3.53126349e-04, -4.84238979e-05,\n",
       "        -3.47108048e-05, -2.76952043e-04,  8.10614792e-05,\n",
       "        -5.94899373e-06,  1.09943752e-04,  3.21474078e-05],\n",
       "       [-2.99601098e-05,  2.52519988e-05,  3.39143093e-06,\n",
       "         1.13316361e-06,  1.67531261e-05, -5.94899373e-06,\n",
       "         1.27209132e-06, -7.65890041e-06, -3.35405033e-06],\n",
       "       [ 6.09981189e-04, -4.86355819e-04, -6.57255868e-05,\n",
       "        -5.03066426e-05, -3.85871110e-04,  1.09943752e-04,\n",
       "        -7.65890041e-06,  1.54459930e-04,  4.22540033e-05],\n",
       "       [ 1.93814867e-04, -1.56296073e-04, -2.27577366e-05,\n",
       "        -1.49335213e-05, -1.16032865e-04,  3.21474078e-05,\n",
       "        -3.35405033e-06,  4.22540033e-05,  2.26510254e-05]])\n",
       "      jac: array([-0.01538086, -0.00854492, -0.00463867, -0.00878906, -0.00878906,\n",
       "       -0.00366211, -0.00048828,  0.00048828, -0.00244141])\n",
       "  message: 'Desired error not necessarily achieved due to precision loss.'\n",
       "     nfev: 1021\n",
       "      nit: 30\n",
       "     njev: 92\n",
       "   status: 2\n",
       "  success: False\n",
       "        x: array([-1.74662743,  0.40812391,  0.10876074,  0.10138235,  0.02202491,\n",
       "        0.04344406, -0.06686938, -1.33110656,  0.15977641])"
      ]
     },
     "execution_count": 135,
     "metadata": {},
     "output_type": "execute_result"
    }
   ],
   "source": [
    "res_original"
   ]
  },
  {
   "cell_type": "code",
   "execution_count": 6,
   "metadata": {
    "cell_id": "00007-aa73e5a1-6bb9-4f63-ab2d-ff0cd8227946",
    "deepnote_cell_type": "code"
   },
   "outputs": [],
   "source": [
    "beta_original = [-1.74662743,  0.40812391,  0.10876074,  0.10138235,  0.02202491,\n",
    "        0.04344406, -0.06686938, -1.33110656,  0.15977641]"
   ]
  },
  {
   "cell_type": "code",
   "execution_count": 175,
   "metadata": {
    "cell_id": "00008-53a2c76e-f57c-4b60-9aa5-2814942390d6",
    "deepnote_cell_type": "code"
   },
   "outputs": [],
   "source": [
    "def get_Assortment(df, mean, std, beta, theta):\n",
    "    # df is data1,2,3,4\n",
    "    def calculate_V():\n",
    "        V = np.zeros((df.shape[0],len(theta)))\n",
    "        \n",
    "        for k in range(len(theta)):\n",
    "            new_df = pd.DataFrame.copy(df)\n",
    "            for i in range(8):\n",
    "                new_df.iloc[:,i] = (new_df.iloc[:,i] - mean[k][i]) / std[k][i]\n",
    "            V[:,k] = new_df.dot(beta[k][1:]) + beta[k][0]\n",
    "        return np.exp(V)\n",
    "    n = df.shape[0]\n",
    "    p = df.iloc[:,6].to_numpy(dtype=np.float32)\n",
    "    V = calculate_V()\n",
    "    solver = pywraplp.Solver('final project',\n",
    "                             pywraplp.Solver.CBC_MIXED_INTEGER_PROGRAMMING)\n",
    "    z = [0 for k in range(len(theta))]\n",
    "    for k in range(len(theta)):\n",
    "        z[k] = solver.NumVar(0, solver.infinity(), 'z' + str(k))\n",
    "    x = [0 for i in range(n)]\n",
    "    for j in range(n):\n",
    "        x[j] = solver.IntVar(0, 1, 'x' + str(j))\n",
    "\n",
    "    y = [[0 for k in range(len(theta))] for j in range(n)]\n",
    "    for k in range(len(theta)):\n",
    "        for j in range(n):\n",
    "            y[j][k] = solver.NumVar(0, solver.infinity(), 'y' + str(j) + str(k))\n",
    "\n",
    "    for k in range(len(theta)):\n",
    "        sum_y = 0\n",
    "        sum_x = 0\n",
    "        for j in range(n):\n",
    "            sum_y += V[j][k] * y[j][k]\n",
    "            sum_x += V[j][k] * x[j] * p[j]\n",
    "        solver.Add(z[k] + sum_y >= sum_x)\n",
    "        solver.Add(z[k] + sum_y <= sum_x)\n",
    "\n",
    "    M = 10000\n",
    "    for j in range(n):\n",
    "        for k in range(len(theta)):\n",
    "            solver.Add(y[j][k] >= 0)\n",
    "            solver.Add(y[j][k] <= M * x[j])\n",
    "\n",
    "    for j in range(n):\n",
    "        for k in range(len(theta)):\n",
    "            solver.Add(- M * (1 - x[j]) + z[k] <= y[j][k])\n",
    "            solver.Add(y[j][k] <= z[k])\n",
    "\n",
    "    objective = solver.Objective()\n",
    "    for i in range(2):\n",
    "        objective.SetCoefficient(z[i], theta[i])\n",
    "    objective.SetMaximization()\n",
    "    status = solver.Solve()\n",
    "    if status == solver.OPTIMAL:\n",
    "        print('Problem solved in %f milliseconds' %solver.wall_time())\n",
    "    elif status == solver.FEASIBLE:\n",
    "        print('Solver claims feasibility but not optimality')\n",
    "    else:\n",
    "        print('Solver ran to completion but did not find an optimal solution')\n",
    "\n",
    "    print('The objective value is ', objective.Value())\n",
    "    assortment = []\n",
    "    for i in range(n):\n",
    "        assortment.append(x[i].solution_value())\n",
    "    return assortment"
   ]
  },
  {
   "cell_type": "code",
   "execution_count": 11,
   "metadata": {
    "cell_id": "00009-9bd9e7c4-4302-4a99-89f7-94e7d4bbab8b",
    "deepnote_cell_type": "code"
   },
   "outputs": [
    {
     "name": "stderr",
     "output_type": "stream",
     "text": [
      "/Users/aaronyan/anaconda3/lib/python3.7/site-packages/ipykernel_launcher.py:4: SettingWithCopyWarning: \n",
      "A value is trying to be set on a copy of a slice from a DataFrame\n",
      "\n",
      "See the caveats in the documentation: http://pandas.pydata.org/pandas-docs/stable/indexing.html#indexing-view-versus-copy\n",
      "  after removing the cwd from sys.path.\n"
     ]
    }
   ],
   "source": [
    "data = pd.read_csv('data.csv')\n",
    "df = data[['srch_id', 'srch_booking_window', 'srch_adults_count', 'srch_children_count',\n",
    "       'srch_room_count', 'srch_saturday_night_bool', 'booking_bool']]\n",
    "df.drop_duplicates(keep=False,inplace=True)\n",
    "features = ['srch_booking_window', 'srch_adults_count',\n",
    "       'srch_children_count', 'srch_room_count']\n",
    "\n",
    "X = df[features].values\n",
    "import sklearn.cluster\n",
    "import sklearn.metrics\n",
    "model_1 = sklearn.cluster.KMeans(n_clusters=3)\n",
    "model_1.fit_predict(X)\n",
    "results = model_1.labels_.tolist()\n",
    "df1 = pd.DataFrame.copy(df)\n",
    "df1['label'] = results"
   ]
  },
  {
   "cell_type": "code",
   "execution_count": 12,
   "metadata": {
    "cell_id": "00010-1369285b-4e5f-4fb5-93b6-9d7ff31892bf",
    "deepnote_cell_type": "code"
   },
   "outputs": [],
   "source": [
    "model_2 = sklearn.cluster.KMeans(n_clusters=4)\n",
    "model_2.fit_predict(X)\n",
    "results_2 = model_2.labels_.tolist()\n",
    "df2 = pd.DataFrame.copy(df)\n",
    "df2['labels'] = results_2"
   ]
  },
  {
   "cell_type": "code",
   "execution_count": 18,
   "metadata": {
    "cell_id": "00011-a0c67635-296e-4056-a488-3ab7911bcec0",
    "deepnote_cell_type": "code"
   },
   "outputs": [
    {
     "data": {
      "text/html": [
       "<div>\n",
       "<style scoped>\n",
       "    .dataframe tbody tr th:only-of-type {\n",
       "        vertical-align: middle;\n",
       "    }\n",
       "\n",
       "    .dataframe tbody tr th {\n",
       "        vertical-align: top;\n",
       "    }\n",
       "\n",
       "    .dataframe thead th {\n",
       "        text-align: right;\n",
       "    }\n",
       "</style>\n",
       "<table border=\"1\" class=\"dataframe\">\n",
       "  <thead>\n",
       "    <tr style=\"text-align: right;\">\n",
       "      <th></th>\n",
       "      <th>srch_id</th>\n",
       "      <th>srch_booking_window</th>\n",
       "      <th>srch_adults_count</th>\n",
       "      <th>srch_children_count</th>\n",
       "      <th>srch_room_count</th>\n",
       "      <th>srch_saturday_night_bool</th>\n",
       "      <th>booking_bool</th>\n",
       "      <th>label</th>\n",
       "    </tr>\n",
       "  </thead>\n",
       "  <tbody>\n",
       "    <tr>\n",
       "      <th>9</th>\n",
       "      <td>1</td>\n",
       "      <td>0</td>\n",
       "      <td>4</td>\n",
       "      <td>0</td>\n",
       "      <td>1</td>\n",
       "      <td>1</td>\n",
       "      <td>1</td>\n",
       "      <td>0</td>\n",
       "    </tr>\n",
       "    <tr>\n",
       "      <th>43</th>\n",
       "      <td>75</td>\n",
       "      <td>30</td>\n",
       "      <td>3</td>\n",
       "      <td>1</td>\n",
       "      <td>1</td>\n",
       "      <td>0</td>\n",
       "      <td>1</td>\n",
       "      <td>1</td>\n",
       "    </tr>\n",
       "    <tr>\n",
       "      <th>77</th>\n",
       "      <td>101</td>\n",
       "      <td>74</td>\n",
       "      <td>4</td>\n",
       "      <td>1</td>\n",
       "      <td>2</td>\n",
       "      <td>1</td>\n",
       "      <td>1</td>\n",
       "      <td>1</td>\n",
       "    </tr>\n",
       "    <tr>\n",
       "      <th>91</th>\n",
       "      <td>218</td>\n",
       "      <td>0</td>\n",
       "      <td>1</td>\n",
       "      <td>1</td>\n",
       "      <td>2</td>\n",
       "      <td>0</td>\n",
       "      <td>1</td>\n",
       "      <td>0</td>\n",
       "    </tr>\n",
       "    <tr>\n",
       "      <th>100</th>\n",
       "      <td>236</td>\n",
       "      <td>15</td>\n",
       "      <td>3</td>\n",
       "      <td>0</td>\n",
       "      <td>1</td>\n",
       "      <td>0</td>\n",
       "      <td>1</td>\n",
       "      <td>0</td>\n",
       "    </tr>\n",
       "  </tbody>\n",
       "</table>\n",
       "</div>"
      ],
      "text/plain": [
       "     srch_id  srch_booking_window  srch_adults_count  srch_children_count  \\\n",
       "9          1                    0                  4                    0   \n",
       "43        75                   30                  3                    1   \n",
       "77       101                   74                  4                    1   \n",
       "91       218                    0                  1                    1   \n",
       "100      236                   15                  3                    0   \n",
       "\n",
       "     srch_room_count  srch_saturday_night_bool  booking_bool  label  \n",
       "9                  1                         1             1      0  \n",
       "43                 1                         0             1      1  \n",
       "77                 2                         1             1      1  \n",
       "91                 2                         0             1      0  \n",
       "100                1                         0             1      0  "
      ]
     },
     "execution_count": 18,
     "metadata": {},
     "output_type": "execute_result"
    }
   ],
   "source": [
    "df1.head()"
   ]
  },
  {
   "cell_type": "code",
   "execution_count": 19,
   "metadata": {
    "cell_id": "00012-b443432e-5922-4689-bd1d-667bfc741f71",
    "deepnote_cell_type": "code"
   },
   "outputs": [
    {
     "data": {
      "text/html": [
       "<div>\n",
       "<style scoped>\n",
       "    .dataframe tbody tr th:only-of-type {\n",
       "        vertical-align: middle;\n",
       "    }\n",
       "\n",
       "    .dataframe tbody tr th {\n",
       "        vertical-align: top;\n",
       "    }\n",
       "\n",
       "    .dataframe thead th {\n",
       "        text-align: right;\n",
       "    }\n",
       "</style>\n",
       "<table border=\"1\" class=\"dataframe\">\n",
       "  <thead>\n",
       "    <tr style=\"text-align: right;\">\n",
       "      <th></th>\n",
       "      <th>srch_id</th>\n",
       "      <th>srch_booking_window</th>\n",
       "      <th>srch_adults_count</th>\n",
       "      <th>srch_children_count</th>\n",
       "      <th>srch_room_count</th>\n",
       "      <th>srch_saturday_night_bool</th>\n",
       "      <th>booking_bool</th>\n",
       "      <th>labels</th>\n",
       "    </tr>\n",
       "  </thead>\n",
       "  <tbody>\n",
       "    <tr>\n",
       "      <th>9</th>\n",
       "      <td>1</td>\n",
       "      <td>0</td>\n",
       "      <td>4</td>\n",
       "      <td>0</td>\n",
       "      <td>1</td>\n",
       "      <td>1</td>\n",
       "      <td>1</td>\n",
       "      <td>0</td>\n",
       "    </tr>\n",
       "    <tr>\n",
       "      <th>43</th>\n",
       "      <td>75</td>\n",
       "      <td>30</td>\n",
       "      <td>3</td>\n",
       "      <td>1</td>\n",
       "      <td>1</td>\n",
       "      <td>0</td>\n",
       "      <td>1</td>\n",
       "      <td>2</td>\n",
       "    </tr>\n",
       "    <tr>\n",
       "      <th>77</th>\n",
       "      <td>101</td>\n",
       "      <td>74</td>\n",
       "      <td>4</td>\n",
       "      <td>1</td>\n",
       "      <td>2</td>\n",
       "      <td>1</td>\n",
       "      <td>1</td>\n",
       "      <td>3</td>\n",
       "    </tr>\n",
       "    <tr>\n",
       "      <th>91</th>\n",
       "      <td>218</td>\n",
       "      <td>0</td>\n",
       "      <td>1</td>\n",
       "      <td>1</td>\n",
       "      <td>2</td>\n",
       "      <td>0</td>\n",
       "      <td>1</td>\n",
       "      <td>0</td>\n",
       "    </tr>\n",
       "    <tr>\n",
       "      <th>100</th>\n",
       "      <td>236</td>\n",
       "      <td>15</td>\n",
       "      <td>3</td>\n",
       "      <td>0</td>\n",
       "      <td>1</td>\n",
       "      <td>0</td>\n",
       "      <td>1</td>\n",
       "      <td>0</td>\n",
       "    </tr>\n",
       "  </tbody>\n",
       "</table>\n",
       "</div>"
      ],
      "text/plain": [
       "     srch_id  srch_booking_window  srch_adults_count  srch_children_count  \\\n",
       "9          1                    0                  4                    0   \n",
       "43        75                   30                  3                    1   \n",
       "77       101                   74                  4                    1   \n",
       "91       218                    0                  1                    1   \n",
       "100      236                   15                  3                    0   \n",
       "\n",
       "     srch_room_count  srch_saturday_night_bool  booking_bool  labels  \n",
       "9                  1                         1             1       0  \n",
       "43                 1                         0             1       2  \n",
       "77                 2                         1             1       3  \n",
       "91                 2                         0             1       0  \n",
       "100                1                         0             1       0  "
      ]
     },
     "execution_count": 19,
     "metadata": {},
     "output_type": "execute_result"
    }
   ],
   "source": [
    "df2.head()"
   ]
  },
  {
   "cell_type": "code",
   "execution_count": 20,
   "metadata": {
    "cell_id": "00013-b3776f16-1933-4e1f-9b3b-b6070e78187d",
    "deepnote_cell_type": "code"
   },
   "outputs": [],
   "source": [
    "label_0 = []\n",
    "label_1 = []\n",
    "label_2 = []\n",
    "for i in range(df1.shape[0]):\n",
    "    if df1.iloc[i,-1] == 0.0:\n",
    "        label_0.append(df1.iloc[i,0])\n",
    "    elif df1.iloc[i,-1] == 1.0:\n",
    "        label_1.append(df1.iloc[i,0])\n",
    "    elif df1.iloc[i,-1] == 2.0:\n",
    "        label_2.append(df1.iloc[i,0])"
   ]
  },
  {
   "cell_type": "code",
   "execution_count": 23,
   "metadata": {
    "cell_id": "00014-08d17e90-9d27-4d0b-9334-c8ab943bea79",
    "deepnote_cell_type": "code"
   },
   "outputs": [],
   "source": [
    "label0 = []\n",
    "label1 = []\n",
    "label2 = []\n",
    "label3 = []\n",
    "for i in range(df2.shape[0]):\n",
    "    if df2.iloc[i,-1] == 0.0:\n",
    "        label0.append(df2.iloc[i,0])\n",
    "    elif df2.iloc[i,-1] == 1.0:\n",
    "        label1.append(df2.iloc[i,0])\n",
    "    elif df2.iloc[i,-1] == 2.0:\n",
    "        label2.append(df2.iloc[i,0])\n",
    "    elif df2.iloc[i,-1] == 3.0:\n",
    "        label3.append(df2.iloc[i,0])"
   ]
  },
  {
   "cell_type": "code",
   "execution_count": 22,
   "metadata": {
    "cell_id": "00015-c0bec868-2eb7-48e8-b4e4-25d484675c09",
    "deepnote_cell_type": "code"
   },
   "outputs": [],
   "source": [
    "data_3cluster = pd.read_csv('data.csv')\n",
    "\n",
    "# search_id = df1['srch_id'].unique().tolist()\n",
    "# for i in search_id:\n",
    "#     if data.iloc[]\n",
    "data_3cluster['label'] = 0\n",
    "for i in range (data_3cluster.shape[0]):\n",
    "    if data_3cluster.iloc[i,0] in label_0:\n",
    "        data_3cluster.iloc[i, -1] = 0\n",
    "    elif data_3cluster.iloc[i,0] in label_1:\n",
    "        data_3cluster.iloc[i, -1] = 1\n",
    "    elif data_3cluster.iloc[i,0] in label_2:\n",
    "        data_3cluster.iloc[i, -1] = 2\n"
   ]
  },
  {
   "cell_type": "code",
   "execution_count": 153,
   "metadata": {
    "cell_id": "00016-23720592-69e9-4511-b0ee-763d856fcfcb",
    "deepnote_cell_type": "code"
   },
   "outputs": [],
   "source": [
    "data_spec = pd.read_csv('spec_data.csv')"
   ]
  },
  {
   "cell_type": "code",
   "execution_count": 155,
   "metadata": {
    "cell_id": "00017-430acffd-43be-450c-854c-5d5ba44a49e8",
    "deepnote_cell_type": "code"
   },
   "outputs": [],
   "source": [
    "df_spec_one = data_spec[data_spec['labels'] == 0]\n",
    "df_spec_two = data_spec[data_spec['labels'] == 1]\n",
    "df_spec_three = data_spec[data_spec['labels'] == 2]\n",
    "df_spec_four = data_spec[data_spec['labels'] == 3]"
   ]
  },
  {
   "cell_type": "code",
   "execution_count": 159,
   "metadata": {
    "cell_id": "00018-b493a83b-ff30-43c5-a193-7d63615e1d43",
    "deepnote_cell_type": "code"
   },
   "outputs": [],
   "source": [
    "mean_spec_one = []\n",
    "std_spec_one = []\n",
    "for i in range(1,9):\n",
    "    mean = np.mean(df_spec_one.iloc[:,i])\n",
    "    mean_spec_one.append(mean)\n",
    "    std = np.std(df_spec_one.iloc[:,i])\n",
    "    std_spec_one.append(std)\n",
    "mean_spec_two = []\n",
    "std_spec_two = []\n",
    "for i in range(1,9):\n",
    "    mean = np.mean(df_spec_two.iloc[:,i])\n",
    "    mean_spec_two.append(mean)\n",
    "    std = np.std(df_spec_two.iloc[:,i])\n",
    "    std_spec_two.append(std)\n",
    "mean_spec_three = []\n",
    "std_spec_three = []\n",
    "for i in range(1,9):\n",
    "    mean = np.mean(df_spec_three.iloc[:,i])\n",
    "    mean_spec_three.append(mean)\n",
    "    std = np.std(df_spec_three.iloc[:,i])\n",
    "    std_spec_three.append(std)\n",
    "mean_spec_four = []\n",
    "std_spec_four = []\n",
    "for i in range(1,9):\n",
    "    mean = np.mean(df_spec_four.iloc[:,i])\n",
    "    mean_spec_four.append(mean)\n",
    "    std = np.std(df_spec_four.iloc[:,i])\n",
    "    std_spec_four.append(std)\n"
   ]
  },
  {
   "cell_type": "code",
   "execution_count": 160,
   "metadata": {
    "cell_id": "00019-bb73843c-190b-44ce-aef6-f489de68ae7b",
    "deepnote_cell_type": "code"
   },
   "outputs": [],
   "source": [
    "theta_spec_cluster = []\n",
    "theta_spec_cluster.append(df_spec_one.shape[0] / data_spec.shape[0])\n",
    "theta_spec_cluster.append(df_spec_two.shape[0] / data_spec.shape[0])\n",
    "theta_spec_cluster.append(df_spec_three.shape[0] / data_spec.shape[0])\n",
    "theta_spec_cluster.append(df_spec_four.shape[0] / data_spec.shape[0])"
   ]
  },
  {
   "cell_type": "code",
   "execution_count": 163,
   "metadata": {
    "cell_id": "00020-cdbeceda-e523-4c96-8f6e-2b11f8d0ee77",
    "deepnote_cell_type": "code"
   },
   "outputs": [
    {
     "name": "stderr",
     "output_type": "stream",
     "text": [
      "/Users/aaronyan/anaconda3/lib/python3.7/site-packages/pandas/core/indexing.py:543: SettingWithCopyWarning: \n",
      "A value is trying to be set on a copy of a slice from a DataFrame.\n",
      "Try using .loc[row_indexer,col_indexer] = value instead\n",
      "\n",
      "See the caveats in the documentation: http://pandas.pydata.org/pandas-docs/stable/indexing.html#indexing-view-versus-copy\n",
      "  self.obj[item] = s\n",
      "/Users/aaronyan/anaconda3/lib/python3.7/site-packages/pandas/core/indexing.py:543: SettingWithCopyWarning: \n",
      "A value is trying to be set on a copy of a slice from a DataFrame.\n",
      "Try using .loc[row_indexer,col_indexer] = value instead\n",
      "\n",
      "See the caveats in the documentation: http://pandas.pydata.org/pandas-docs/stable/indexing.html#indexing-view-versus-copy\n",
      "  self.obj[item] = s\n",
      "/Users/aaronyan/anaconda3/lib/python3.7/site-packages/pandas/core/indexing.py:543: SettingWithCopyWarning: \n",
      "A value is trying to be set on a copy of a slice from a DataFrame.\n",
      "Try using .loc[row_indexer,col_indexer] = value instead\n",
      "\n",
      "See the caveats in the documentation: http://pandas.pydata.org/pandas-docs/stable/indexing.html#indexing-view-versus-copy\n",
      "  self.obj[item] = s\n",
      "/Users/aaronyan/anaconda3/lib/python3.7/site-packages/pandas/core/indexing.py:543: SettingWithCopyWarning: \n",
      "A value is trying to be set on a copy of a slice from a DataFrame.\n",
      "Try using .loc[row_indexer,col_indexer] = value instead\n",
      "\n",
      "See the caveats in the documentation: http://pandas.pydata.org/pandas-docs/stable/indexing.html#indexing-view-versus-copy\n",
      "  self.obj[item] = s\n"
     ]
    }
   ],
   "source": [
    "res_spec_1 = get_Beta(df_spec_one,mean_spec_one,std_spec_one)\n",
    "res_spec_2 = get_Beta(df_spec_two,mean_spec_two,std_spec_two)\n",
    "res_spec_3 = get_Beta(df_spec_three,mean_spec_three,std_spec_three)\n",
    "res_spec_4 = get_Beta(df_spec_four,mean_spec_four,std_spec_four)"
   ]
  },
  {
   "cell_type": "code",
   "execution_count": 164,
   "metadata": {
    "cell_id": "00021-814c2896-920d-4409-bc87-2e362517ebad",
    "deepnote_cell_type": "code"
   },
   "outputs": [
    {
     "data": {
      "text/plain": [
       "      fun: 2480.909782880881\n",
       " hess_inv: array([[ 8.67970611e+02, -9.59340057e-05, -9.58106959e-03,\n",
       "        -3.14296218e-03,  7.66531622e-02, -2.25418338e-05,\n",
       "         1.09550887e-01,  6.13322604e+02,  6.27235782e-04],\n",
       "       [-9.71709406e-05,  1.65021835e-03, -6.89754678e-04,\n",
       "        -2.93713539e-08, -5.03744500e-04,  1.86438553e-07,\n",
       "        -1.14749551e-03, -5.57330923e-04, -2.03678355e-05],\n",
       "       [-9.58077637e-03, -6.89755729e-04,  1.52774802e-03,\n",
       "        -2.08231683e-05,  5.25163072e-05, -7.33160794e-10,\n",
       "        -6.05148054e-04, -1.15600182e-02,  9.61175114e-06],\n",
       "       [-3.14187975e-03, -2.79449586e-08, -2.08244228e-05,\n",
       "         1.06315705e-04,  2.02853274e-05,  5.65530535e-08,\n",
       "        -6.57820712e-05, -2.33493905e-03,  3.27672405e-06],\n",
       "       [ 7.66551656e-02, -5.03718844e-04,  5.25085531e-05,\n",
       "         2.02652461e-05,  8.95649863e-03, -1.59620594e-06,\n",
       "        -8.22314238e-04,  3.72199535e-02, -3.34451409e-05],\n",
       "       [-2.25394455e-05,  1.86435480e-07, -7.34461197e-10,\n",
       "         5.65584808e-08, -1.59615158e-06,  2.44296382e-08,\n",
       "         1.86757779e-06, -1.78564408e-05, -5.49550699e-08],\n",
       "       [ 1.09545919e-01, -1.14748505e-03, -6.05146319e-04,\n",
       "        -6.57969308e-05, -8.22433926e-04,  1.86756992e-06,\n",
       "         4.66140608e-02, -3.34120621e-02,  3.62506776e-05],\n",
       "       [ 6.13322615e+02, -5.56522727e-04, -1.15602194e-02,\n",
       "        -2.33563355e-03,  3.72188764e-02, -1.78580295e-05,\n",
       "        -3.34087204e-02,  4.33757327e+02,  4.41701576e-04],\n",
       "       [ 6.27357155e-04, -2.03676942e-05,  9.61161472e-06,\n",
       "         3.27674041e-06, -3.34428563e-05, -5.49556431e-08,\n",
       "         3.62522701e-05,  4.41779611e-04,  3.31368159e-05]])\n",
       "      jac: array([-0.05712891,  0.6010437 ,  0.53521729,  0.12780762,  0.26885986,\n",
       "       -8.72512817,  0.23071289,  0.07922363,  0.19390869])\n",
       "  message: 'Desired error not necessarily achieved due to precision loss.'\n",
       "     nfev: 1717\n",
       "      nit: 41\n",
       "     njev: 155\n",
       "   status: 2\n",
       "  success: False\n",
       "        x: array([-1.01341152e+04,  2.61983281e-01,  6.48576646e-02,  3.16100619e-02,\n",
       "       -2.46777404e-02,  2.54551329e-04, -2.06786748e-01, -7.16521113e+03,\n",
       "        1.34420645e-02])"
      ]
     },
     "execution_count": 164,
     "metadata": {},
     "output_type": "execute_result"
    }
   ],
   "source": [
    "res_spec_1"
   ]
  },
  {
   "cell_type": "code",
   "execution_count": 165,
   "metadata": {
    "cell_id": "00022-9e32f387-9d2f-4ee8-90b2-76dcf678a702",
    "deepnote_cell_type": "code"
   },
   "outputs": [
    {
     "data": {
      "text/plain": [
       "      fun: 391.78289399894874\n",
       " hess_inv: array([[ 2.13484710e-01, -1.86260197e-01,  1.74566961e-01,\n",
       "        -3.96586732e-02,  7.49386125e-02, -2.87512855e-03,\n",
       "        -5.58015475e-01,  1.90758117e+00, -7.41375044e-02],\n",
       "       [-1.86260197e-01,  1.70292033e-01, -1.55379544e-01,\n",
       "         3.50919305e-02, -6.19746827e-02,  2.48586359e-03,\n",
       "         4.82225305e-01, -1.66600192e+00,  6.61365003e-02],\n",
       "       [ 1.74566961e-01, -1.55379544e-01,  1.45793819e-01,\n",
       "        -3.33211709e-02,  5.90107205e-02, -2.35172769e-03,\n",
       "        -4.60820502e-01,  1.57557074e+00, -6.22505676e-02],\n",
       "       [-3.96586732e-02,  3.50919305e-02, -3.33211709e-02,\n",
       "         8.86048097e-03, -1.34856674e-02,  5.57828932e-04,\n",
       "         1.08901196e-01, -3.66746673e-01,  1.44732788e-02],\n",
       "       [ 7.49386125e-02, -6.19746827e-02,  5.90107205e-02,\n",
       "        -1.34856674e-02,  3.04797708e-02, -1.02873655e-03,\n",
       "        -2.00560886e-01,  6.76747525e-01, -2.61519852e-02],\n",
       "       [-2.87512855e-03,  2.48586359e-03, -2.35172769e-03,\n",
       "         5.57828932e-04, -1.02873655e-03,  5.73932857e-05,\n",
       "         7.83468094e-03, -2.64302804e-02,  1.03687436e-03],\n",
       "       [-5.58015475e-01,  4.82225305e-01, -4.60820502e-01,\n",
       "         1.08901196e-01, -2.00560886e-01,  7.83468094e-03,\n",
       "         1.52644447e+00, -5.14094885e+00,  2.03845159e-01],\n",
       "       [ 1.90758117e+00, -1.66600192e+00,  1.57557074e+00,\n",
       "        -3.66746673e-01,  6.76747525e-01, -2.64302804e-02,\n",
       "        -5.14094885e+00,  1.74205144e+01, -6.89078577e-01],\n",
       "       [-7.41375044e-02,  6.61365003e-02, -6.22505676e-02,\n",
       "         1.44732788e-02, -2.61519852e-02,  1.03687436e-03,\n",
       "         2.03845159e-01, -6.89078577e-01,  2.82919057e-02]])\n",
       "      jac: array([-4.57763672e-05,  6.86645508e-05,  6.48498535e-05,  1.90734863e-05,\n",
       "        3.81469727e-05, -1.52587891e-04,  3.43322754e-05, -3.81469727e-06,\n",
       "       -4.57763672e-05])\n",
       "  message: 'Desired error not necessarily achieved due to precision loss.'\n",
       "     nfev: 1332\n",
       "      nit: 54\n",
       "     njev: 121\n",
       "   status: 2\n",
       "  success: False\n",
       "        x: array([-1.30962848e+02,  9.66394067e-02,  1.71100988e-01, -1.87747730e-02,\n",
       "       -1.19010488e-01,  2.72059863e-03, -4.99916144e-02, -2.09419328e+02,\n",
       "        3.11001753e-02])"
      ]
     },
     "execution_count": 165,
     "metadata": {},
     "output_type": "execute_result"
    }
   ],
   "source": [
    "res_spec_2"
   ]
  },
  {
   "cell_type": "code",
   "execution_count": 166,
   "metadata": {
    "cell_id": "00023-fe9f952a-2868-4c2b-9a0c-964f62e9b3ab",
    "deepnote_cell_type": "code"
   },
   "outputs": [
    {
     "data": {
      "text/plain": [
       "      fun: 830.4197133013757\n",
       " hess_inv: array([[ 2.32918573e+00, -5.06436667e+00,  1.26842066e+00,\n",
       "        -2.62736922e-03,  4.94601635e-02, -9.05469145e-05,\n",
       "         2.02072822e+01,  1.00541810e+01,  9.19262119e-04],\n",
       "       [-5.06436667e+00,  1.19186944e+01, -2.96588647e+00,\n",
       "         1.43737749e-02, -5.65690651e-02,  4.89843165e-04,\n",
       "        -4.73542613e+01, -2.36205616e+01, -3.99142359e-03],\n",
       "       [ 1.26842066e+00, -2.96588647e+00,  7.42127450e-01,\n",
       "        -3.59251625e-03,  1.38318632e-02, -1.01746510e-04,\n",
       "         1.17786691e+01,  5.87550269e+00,  1.03259884e-03],\n",
       "       [-2.62736922e-03,  1.43737749e-02, -3.59251625e-03,\n",
       "         1.20282694e-03,  5.32939965e-04, -1.25861271e-05,\n",
       "        -5.61910748e-02, -2.86284774e-02,  1.42617606e-04],\n",
       "       [ 4.94601635e-02, -5.65690651e-02,  1.38318632e-02,\n",
       "         5.32939965e-04,  1.19668364e-02,  4.65947185e-06,\n",
       "         2.22973171e-01,  9.95197490e-02, -1.44101365e-04],\n",
       "       [-9.05469145e-05,  4.89843165e-04, -1.01746510e-04,\n",
       "        -1.25861271e-05,  4.65947185e-06,  1.61374720e-05,\n",
       "        -1.89174443e-03, -9.50531685e-04,  8.02218948e-06],\n",
